1178441	43.650002
2535633	100.000000
3544083	156.139999
6270344	53.849998
6522724	51.299999
6529187	22.889999
6635123	31.150000
6635448	154.760010
9322165	89.739998
10166599	37.209999
10403309	39.020000
10425305	27.520000
10464337	31.299999
10502399	32.610001
10523639	58.220001
11082199	32.220001
11090232	35.820000
11097869	56.000000
11887227	90.910004
12144524	22.000000
12557552	34.180000
12835789	66.669998
12941897	57.520000
15392125	16.850000
15874921	3.850000
16349169	14.590000
16356571	81.540001
16719768	35.900002
17249278	30.770000
17397963	26.790001
17410253	61.049999
18152313	21.379999
18808229	184.080002
19175888	37.500000
19518749	29.270000
19584004	21.740000
19630766	75.889999
19644239	23.160000
20021024	22.580000
20517763	28.850000
21191172	27.480000
21220078	29.030001
21924222	31.170000
24989267	11.860000
26079974	84.620003
26384879	53.279999
26508894	86.839996
26509704	33.529999
26514727	27.180000
26514762	80.949997
26609355	27.030001
26786566	35.869999
27087417	66.129997
27102196	31.980000
27105685	89.250000
27189941	38.750000
27631676	14.440000
27676879	83.870003
27700455	156.550003
28241136	41.860001
28293252	14.020000
28477493	24.219999
28605662	63.770000
28785730	26.320000
31187155	63.240002
31191762	66.669998
31654706	38.709999
32146505	34.619999
32263854	17.110001
32800410	34.779999
32829205	14.290000
33955118	57.840000
35227093	109.669998
35227239	148.750000
35250704	48.090000
35579689	53.330002
35972212	39.869999
37291203	40.400002
38186454	56.669998
39340618	32.730000
39384638	43.400002
39976851	51.160000
40315884	44.680000
40434419	36.720001
40558181	81.480003
40627309	23.260000
40928494	40.910000
40947434	82.480003
41475832	44.189999
41486185	46.669998
42629092	102.889999
42921578	15.000000
43212842	90.120003
43218222	45.759998
43300750	12.000000
43317034	20.000000
43812115	48.099998
43825411	22.219999
43869271	21.170000
43913778	25.000000
44075159	40.000000
44778840	38.820000
45295418	57.139999
45297700	23.219999
45808946	29.809999
45973216	112.740005
46501738	77.889999
46724370	53.119999
46752173	21.770000
47051647	20.000000
47276584	42.860001
47608989	52.310001
49208335	22.990000
52825886	70.970001
53236690	34.090000
53370727	77.070000
53676584	32.000000
54337043	156.820007
54418146	74.740005
54475967	40.349998
54507479	50.400002
54512952	30.000000
54605513	33.680000
55059671	12.900000
55074645	40.740002
55075552	55.259998
55077401	111.529999
55181590	63.639999
55223580	30.000000
55251796	80.360001
55252738	52.630001
55337188	36.000000
55452046	89.550003
55474011	96.629997
60375565	30.340000
62174999	14.670000
62231967	47.860001
62274196	60.000000
62676248	316.859985
62733958	183.760010
62923350	39.230000
63024828	35.290001
63063593	37.160000
63299730	115.239998
63919616	42.189999
64671363	40.209999
65351940	30.670000
65855051	21.870001
66101914	42.419998
66379001	49.299999
67313166	45.830002
67337151	32.700001
68944871	36.529999
70652990	16.280001
70716465	68.830002
70904382	77.120003
71418662	131.110001
71532487	44.980000
72740691	26.580000
74649119	82.199997
75185057	41.180000
76198564	42.310001
76216135	20.590000
78276566	16.980000
78308991	53.299999
78383899	24.799999
78591631	43.330002
79101171	236.369995
79120744	12.380000
85331281	35.049999
86842103	151.589996
86920977	39.090000
87104605	40.619999
89323153	14.560000
89325691	18.290001
89401926	40.000000
89478949	24.830000
89522551	32.869999
89599102	100.000000
89630543	95.759995
89729465	44.310001
89729567	107.360001
89732028	77.110001
89732759	75.809998
90178481	33.669998
91404899	34.259998
93091350	40.980000
93159881	44.130001
94342764	25.709999
95538318	42.029999
97658668	33.189999
97915614	111.320000
98015114	26.570000
98293671	20.410000
100346734	13.450000
100613448	10.130000
100620728	45.709999
100706416	33.630001
101190292	43.330002
103491354	48.099998
104114357	28.000000
104116880	48.500000
104122081	35.790001
108299882	39.020000
108313293	42.369999
108507481	47.060001
109315285	16.320000
109351449	38.380001
109466682	64.709999
109793348	63.160000
109838960	34.020000
110128869	56.320000
110214197	48.529999
110257751	30.980000
110294695	47.139999
110301683	56.250000
110466731	19.010000
111661425	34.430000
111743021	14.290000
111963991	34.770000
113234422	39.310001
113641326	15.240000
114247320	76.470001
114377567	52.349998
114483215	10.540000
114512690	59.099998
114524308	65.290001
115238088	49.060001
115258686	40.889999
115323057	27.910000
117552471	37.060001
117618100	52.869999
117661342	30.100000
118420630	49.380001
118482193	47.910000
120306817	30.160000
120927396	64.440002
144952200	8.160000
145532541	69.230003
145561822	52.730000
145561930	19.700001
145563082	47.369999
145589354	41.430000
145683649	20.809999
146684060	58.560001
146737614	61.689999
146737632	16.360001
146747766	123.479996
146767111	26.320000
147126379	25.170000
148009497	34.889999
148011749	15.250000
148582430	12.970000
148591269	98.849998
148594507	59.490002
149858597	43.689999
149858708	30.420000
149899095	27.620001
150230523	45.830002
150234556	21.389999
150237004	43.139999
150526226	22.580000
151001309	43.110001
151505010	62.500000
151823623	19.299999
152059278	51.619999
152059657	37.810001
152080937	73.209999
152081489	48.000000
152190873	138.940002
152191767	53.849998
152276534	57.360001
152277107	48.290001
152277415	71.610001
152280023	142.239990
152282942	68.000000
152286239	56.709999
152324540	56.320000
152325575	38.709999
152326321	68.260002
152327158	102.559998
152329068	62.770000
152538626	34.430000
153314170	47.580002
153333314	25.000000
153925751	11.300000
154018548	58.540001
154956315	52.340000
155110534	36.480000
155226123	18.809999
155630015	16.440001
155701156	12.500000
156182909	21.190001
156212605	40.910000
156348127	34.060001
156352547	38.099998
156503658	17.530001
156521765	61.889999
156616813	26.420000
156779283	34.799999
156821679	41.180000
156874645	66.500000
157490819	46.430000
157740428	42.709999
157772293	44.840000
157805673	166.230011
158064749	14.290000
158224908	57.439999
158226716	58.369999
159777966	56.480000
159778798	66.000000
159799787	43.820000
160549181	57.750000
160718306	10.340000
161163925	48.459999
161196732	11.730000
161495757	224.740005
161518367	32.689999
162468013	19.400000
162745441	14.580000
163298698	109.970001
165513674	42.049999
165649781	43.099998
167097279	118.029999
169102044	26.440001
169279234	15.220000
169351420	50.480000
169356340	49.250000
171168628	26.980000
171310855	43.209999
171753006	54.169998
171956927	35.770000
173569303	38.570000
173800770	69.139999
177928095	20.000000
178269208	25.000000
179815640	11.110000
179870480	17.740000
180061940	23.910000
180163347	50.680000
180166008	60.869999
180471267	77.779999
180959176	73.440002
180974429	35.560001
182555468	74.610001
182822552	23.209999
183195831	40.000000
184853935	64.000000
185278530	32.139999
185987306	30.770000
186031731	20.930000
186056441	15.930000
186084057	45.759998
186312598	11.670000
196757530	91.320000
196762488	94.919998
196788993	39.560001
196799813	99.209999
196977807	35.779999
197115270	9.630000
197481075	25.809999
201079290	41.070000
201777829	18.260000
201842038	43.480000
201958031	122.019997
201970792	30.049999
202104655	32.860001
202119515	31.750000
202934629	64.070000
203140266	84.870003
203149627	44.400002
203150331	80.120003
203186898	35.900002
203194175	77.419998
205053226	84.459999
205277292	55.070000
205280831	37.840000
205568306	38.009998
205568380	66.910004
205801858	29.469999
206327598	35.250000
206331019	46.320000
206331120	64.330002
206666629	52.630001
206945708	18.700001
207039216	89.320000
207039710	34.980000
207300241	59.090000
207640107	16.670000
207642168	30.650000
209790790	40.330002
209948835	25.990000
211538806	42.860001
211749236	28.950001
212553244	124.330002
212617692	57.490002
212799882	225.109985
213186614	37.270000
213403885	30.430000
214813547	29.230000
214815222	30.570000
222696071	104.419998
222705452	59.849998
222717362	60.130001
222827730	17.639999
222920371	42.990002
222923350	48.599998
223285601	44.439999
223286050	11.310000
224437959	26.480000
226034785	21.650000
227071599	30.049999
227261714	24.660000
227843214	38.099998
227947172	45.259998
228400296	23.530001
228464377	75.000000
228482623	37.639999
228646082	39.759998
230513265	15.220000
230895257	81.089996
230925937	32.310001
231299721	75.000000
231398535	51.939999
231401855	20.170000
233511709	35.430000
234565355	89.129997
234608480	7.690000
235345429	52.259998
235543465	53.279999
235938388	137.039993
236368552	115.270004
236381834	47.169998
236389793	42.549999
236646779	30.530001
238048569	24.469999
241797449	24.400000
241798044	14.710000
242045260	30.700001
243328396	61.599998
246493838	23.809999
247030545	95.449997
247599443	40.520000
149895759	0.000000
